type,time,duration,original,converted
chord,0.0,11.5,Ab:I,Ab:maj
chord,12.0,4.0,Ab:V/V,Bb:maj
chord,16.0,6.0,Ab:V,Eb:maj
chord,22.0,2.0,Ab:IV,Db:maj
chord,24.0,8.0,Ab:I,Ab:maj
chord,32.0,4.0,Ab:V/V,Bb:maj
chord,36.0,6.0,Ab:V,Eb:maj
chord,42.0,2.0,Ab:IV,Db:maj
chord,44.0,18.0,Ab:I,Ab:maj
chord,62.0,4.0,Ab:V/V,Bb:maj
chord,66.0,7.0,Ab:V,Eb:maj
key,0.0,72.5,Ab,Ab:major
