type,time,duration,original,converted
chord,0.0,0.5,Bb:vi7,G:min7
chord,1.0,1.0,Bb:V7/V,C:7
chord,2.0,1.0,Bb:V7,F:7
chord,3.0,1.0,Bb:I,Bb:maj
chord,4.0,1.0,Bb:vi,G:min
chord,5.0,0.5,Eb:V7,Bb:7
chord,6.0,1.0,Eb:I,Eb:maj
chord,7.0,1.0,Eb:ii/V,C:min
chord,8.0,1.0,Eb:V/V,F:maj
chord,9.0,0.25,Eb:bVI,Cb:maj
chord,9.25,0.25,Eb:V,Bb:maj
chord,9.5,0.25,Eb:#IV,A:maj
chord,9.75,0.25,Eb:V,Bb:maj
chord,10.0,0.25,Eb:bVI,Cb:maj
chord,10.25,0.25,Eb:V,Bb:maj
chord,10.5,0.25,Eb:#IV,A:maj
chord,10.75,0.25,Eb:V,Bb:maj
chord,11.0,0.3333333333333333,Bb:IV,Eb:maj
chord,11.333333333333334,0.3333333333333333,Bb:I6,Bb:maj/3
chord,12.0,0.5,Bb:viix42/V,"E:(*3,4,4,*5,b9)"
chord,12.5,1.5,Bb:V64,F:maj/5
chord,14.0,3.0,Bb:I,Bb:maj
chord,17.0,1.0,Bb:vi,G:min
chord,18.0,1.0,Bb:ii,C:min
chord,19.0,0.5,Bb:ii,C:min
chord,19.5,0.5,Bb:V,F:maj
chord,20.0,1.0,Bb:I,Bb:maj
chord,21.0,1.0,Bb:vi,G:min
chord,22.0,1.0,Bb:ii,C:min
chord,23.0,0.25,Bb:viih7,A:min7
chord,23.25,0.25,Bb:viih7,A:min7
chord,23.5,0.25,Bb:viih7,A:min7
chord,23.75,0.25,Bb:ii64,C:min/5
chord,24.0,0.2,Eb:I,Eb:maj
chord,24.2,0.2,Eb:I,Eb:maj
chord,24.4,0.2,Eb:I,Eb:maj
chord,24.6,0.2,Eb:V65,Bb:7/3
chord,25.0,1.0,Eb:vi,C:min
chord,26.0,0.25,Eb:ii,F:min
chord,26.25,0.25,Eb:ii,F:min
chord,26.5,0.25,Eb:ii42,F:min7/b7
chord,26.75,0.25,Eb:viih7,D:min7
chord,27.0,1.0,Eb:V,Bb:maj
chord,28.0,0.5,Eb:I,Eb:maj
chord,28.5,0.5,Eb:V6,Bb:maj/3
chord,29.0,0.5,Eb:vi,C:min
chord,29.5,0.5,Eb:iv,Ab:min
chord,30.0,1.0,Eb:I,Eb:maj
chord,32.0,2.333333333333333,Bb:I,Bb:maj
chord,35.0,1.0,Bb:vi,G:min
chord,36.0,1.0,Bb:ii,C:min
chord,37.0,0.5,Bb:ii,C:min
chord,37.5,0.5,Bb:V,F:maj
chord,38.0,1.0,Bb:I,Bb:maj
chord,39.0,1.0,Bb:vi,G:min
chord,40.0,1.0,Bb:ii,C:min
chord,41.0,0.25,Bb:viih7,A:min7
chord,41.25,0.25,Bb:viih7,A:min7
chord,41.5,0.25,Bb:viih7,A:min7
chord,41.75,0.25,Bb:ii64,C:min/5
chord,42.0,0.2,Eb:I,Eb:maj
chord,42.2,0.2,Eb:I,Eb:maj
chord,42.4,0.2,Eb:I,Eb:maj
chord,42.6,0.2,Eb:V65,Bb:7/3
chord,43.0,1.0,Eb:vi,C:min
chord,44.0,0.25,Eb:ii,F:min
chord,44.25,0.25,Eb:ii,F:min
chord,44.5,0.25,Eb:ii42,F:min7/b7
chord,44.75,0.25,Eb:viih7,D:min7
chord,45.0,1.0,Eb:V,Bb:maj
chord,46.0,0.5,Eb:I,Eb:maj
chord,46.5,0.5,Eb:V6,Bb:maj/3
chord,47.0,1.0,Eb:vi,C:min
chord,48.0,0.25,Eb:ii,F:min
chord,48.25,0.25,Eb:ii,F:min
chord,48.5,0.25,Eb:ii42,F:min7/b7
chord,48.75,0.25,Eb:viih7,D:min7
chord,49.0,1.0,Eb:V,Bb:maj
chord,50.0,0.5,Eb:I,Eb:maj
chord,50.5,0.5,Eb:V6,Bb:maj/3
chord,51.0,1.0,Eb:vi,C:min
chord,52.0,0.25,Eb:ii,F:min
chord,52.25,0.25,Eb:ii,F:min
chord,52.5,0.25,Eb:ii42,F:min7/b7
chord,52.75,0.25,Eb:viih7,D:min7
chord,53.0,0.25,Eb:bVII,Db:maj
chord,53.25,0.25,Eb:bVII,Db:maj
chord,53.5,0.25,Eb:bVII/bVII,Cb:maj
chord,53.75,0.25,Eb:vi/bVII,Bb:min
chord,54.0,1.5,A:I,A:maj
chord,56.0,0.25,A:IV64,D:maj/5
chord,56.25,0.25,A:I,A:maj
chord,56.5,0.25,A:I,A:maj
chord,56.75,0.25,A:I,A:maj
chord,57.0,0.25,A:IV64,D:maj/5
chord,57.25,0.25,A:I,A:maj
chord,57.5,0.25,A:I,A:maj
chord,57.75,0.25,A:I,A:maj
chord,58.0,0.25,A:IV64,D:maj/5
chord,58.25,0.25,A:I,A:maj
chord,58.5,0.25,A:IV64,D:maj/5
chord,58.75,0.25,A:I,A:maj
chord,59.0,0.25,A:I,A:maj
chord,59.25,0.25,A:I,A:maj
chord,59.5,0.25,A:IV64,D:maj/5
chord,59.75,0.25,A:I,A:maj
chord,60.0,0.5,A:III64,C#:maj/5
chord,60.5,0.5,A:V/III,G#:maj
chord,61.0,0.5,A:bIII64,C:maj/5
chord,61.5,0.5,A:V,E:maj
chord,62.0,3.0,A:I,A:maj
chord,65.0,0.5,A:V,E:maj
chord,66.0,0.3333333333333333,Eb:I,Eb:maj
chord,67.0,0.25,Eb:bVI,Cb:maj
chord,67.25,0.25,Eb:V,Bb:maj
chord,67.5,0.25,Eb:#IV,A:maj
chord,67.75,0.25,Eb:V,Bb:maj
chord,68.0,0.25,Eb:bVI,Cb:maj
chord,68.25,0.25,Eb:V,Bb:maj
chord,68.5,0.25,Eb:#IV,A:maj
chord,68.75,0.25,Eb:V,Bb:maj
chord,69.0,0.25,Eb:IV64,Ab:maj/5
chord,69.25,0.25,Eb:I,Eb:maj
chord,69.5,0.25,Eb:I,Eb:maj
chord,69.75,0.25,Eb:I,Eb:maj
chord,70.0,0.25,Eb:IV64,Ab:maj/5
chord,70.25,0.25,Eb:I,Eb:maj
chord,70.5,0.25,Eb:I,Eb:maj
chord,70.75,0.25,Eb:I,Eb:maj
chord,71.0,0.5,Eb:IV,Ab:maj
chord,71.5,0.5,Eb:I6,Eb:maj/3
chord,72.0,0.5,Eb:V/V,F:maj
chord,72.5,0.5,Eb:V,Bb:maj
chord,73.0,0.25,Eb:IV,Ab:maj
chord,73.25,0.25,Eb:I6,Eb:maj/3
chord,73.5,0.25,Eb:viix42/V,"A:(*3,4,4,*5,b9)"
chord,73.75,0.25,Eb:ii7,F:min7
chord,74.0,0.25,Eb:bVI,Cb:maj
chord,74.25,0.25,Eb:V,Bb:maj
chord,74.5,0.25,Eb:#IV,A:maj
chord,74.75,0.25,Eb:V,Bb:maj
chord,75.0,0.25,Eb:bVI,Cb:maj
chord,75.25,0.25,Eb:V,Bb:maj
chord,75.5,0.25,Eb:#IV,A:maj
chord,75.75,0.25,Eb:V,Bb:maj
chord,76.0,0.25,Eb:I,Eb:maj
chord,76.25,0.25,Eb:V,Bb:maj
chord,76.5,0.25,Eb:I,Eb:maj
chord,76.75,0.25,Eb:I,Eb:maj
chord,77.0,0.25,Eb:V,Bb:maj
chord,77.25,0.25,Eb:V,Bb:maj
chord,77.5,0.25,Eb:V,Bb:maj
chord,77.75,0.25,Eb:I,Eb:maj
chord,78.0,0.25,Eb:I,Eb:maj
chord,78.25,0.25,Eb:V,Bb:maj
chord,78.5,0.25,Eb:I,Eb:maj
chord,78.75,0.25,Eb:V,Bb:maj
chord,79.0,0.25,Eb:V,Bb:maj
chord,79.25,0.25,Eb:V,Bb:maj
chord,79.5,0.25,Eb:V,Bb:maj
chord,79.75,0.25,Eb:I,Eb:maj
chord,80.0,0.25,Eb:I,Eb:maj
chord,80.25,0.25,Eb:V,Bb:maj
chord,80.5,0.25,Eb:I,Eb:maj
chord,80.75,0.25,Eb:V,Bb:maj
chord,81.0,0.25,Eb:V,Bb:maj
chord,81.25,0.25,Eb:V,Bb:maj
chord,81.5,0.25,Eb:V,Bb:maj
chord,81.75,0.25,Eb:I,Eb:maj
chord,82.0,0.25,Eb:V,Bb:maj
chord,82.25,0.25,Eb:V,Bb:maj
chord,82.5,0.25,Eb:V,Bb:maj
chord,82.75,0.25,Eb:I,Eb:maj
chord,83.0,1.0,Eb:V,Bb:maj
chord,84.0,1.0,Eb:bIII,Gb:maj
chord,85.0,0.25,Eb:bVI,Cb:maj
chord,85.25,0.25,Eb:V/VII,A:maj
chord,85.5,0.25,Eb:VII,D:maj
chord,85.75,0.25,Eb:V/bIII,Db:maj
chord,86.0,0.25,Eb:bIII,Gb:maj
chord,86.25,0.25,Eb:V,Bb:maj
chord,86.5,0.25,Eb:I,Eb:maj
chord,86.75,0.25,Eb:I,Eb:maj
chord,87.0,0.25,Eb:V,Bb:maj
chord,87.25,0.25,Eb:V,Bb:maj
chord,87.5,0.25,Eb:V,Bb:maj
chord,87.75,0.25,Eb:I,Eb:maj
chord,88.0,0.25,Eb:IV,Ab:maj
chord,88.25,0.25,Eb:I,Eb:maj
chord,88.5,0.25,Eb:V,Bb:maj
chord,88.75,0.25,Eb:V,Bb:maj
chord,89.0,0.5,Eb:I,Eb:maj
chord,89.5,0.5,Eb:IV64,Ab:maj/5
chord,90.0,0.5,Eb:V/iii,D:maj
chord,90.5,0.5,Eb:iii,G:min
chord,91.0,4.0,Eb:V,Bb:maj
chord,95.0,2.5,Eb:I,Eb:maj
chord,98.0,1.0,Eb:V/V,F:maj
chord,99.0,1.0,Eb:V,Bb:maj
chord,100.0,0.5,Eb:V,Bb:maj
chord,100.5,0.5,Eb:I,Eb:maj
chord,101.0,1.0,Eb:V,Bb:maj
chord,102.0,0.3333333333333333,Eb:V,Bb:maj
chord,102.33333333333333,0.3333333333333333,Eb:bVII,Db:maj
chord,103.0,0.5,Eb:V,Bb:maj
chord,104.0,0.5,Eb:V,Bb:maj
chord,104.5,0.5,Eb:I,Eb:maj
chord,105.0,1.0,Eb:IV,Ab:maj
chord,106.0,1.0,Eb:ii,F:min
chord,107.0,1.0,Eb:V,Bb:maj
chord,108.0,1.0,Eb:ii,F:min
chord,109.0,1.0,Eb:V,Bb:maj
chord,110.0,0.5,Eb:ii,F:min
chord,110.5,0.5,Eb:V,Bb:maj
chord,111.0,0.5,Eb:ii,F:min
chord,111.5,0.5,Eb:V,Bb:maj
chord,112.0,3.0,Eb:I,Eb:maj
chord,115.0,1.0,Eb:V/V,F:maj
chord,116.0,0.3333333333333333,Eb:bIII,Gb:maj
chord,116.33333333333333,0.3333333333333333,Eb:IV,Ab:maj
chord,116.66666666666667,0.3333333333333333,Eb:#IV,A:maj
chord,117.0,1.0,Eb:bVI,Cb:maj
chord,118.0,1.0,Eb:IV,Ab:maj
chord,119.0,3.0,Eb:V,Bb:maj
chord,122.0,0.3333333333333333,Eb:I,Eb:maj
chord,122.33333333333333,0.3333333333333333,Eb:V6,Bb:maj/3
chord,123.0,0.25,Eb:vi,C:min
chord,123.25,0.25,Eb:vi,C:min
chord,123.5,0.25,Eb:V6/vi,G:maj/3
chord,123.75,0.25,Eb:vi,C:min
chord,124.0,0.25,Eb:V6/vi,G:maj/3
chord,124.25,0.25,Eb:vi,C:min
chord,124.5,0.25,Eb:V,Bb:maj
chord,124.75,0.25,Eb:I,Eb:maj
chord,125.0,0.5,Eb:V/iii,D:maj
chord,125.5,0.5,Eb:iii,G:min
chord,126.0,0.5,Eb:IV,Ab:maj
chord,126.5,0.5,Eb:I,Eb:maj
chord,127.0,0.5,Eb:vi,C:min
chord,127.5,0.5,Eb:iii,G:min
chord,128.0,0.5,Eb:vi,C:min
chord,128.5,0.5,Eb:iii,G:min
chord,129.0,0.5,Eb:vi,C:min
chord,129.5,0.5,Eb:iv,Ab:min
chord,130.0,1.0,Eb:V11,Bb:9(4)
chord,131.0,0.5,Eb:I,Eb:maj
chord,131.5,0.5,Eb:IV64,Ab:maj/5
chord,132.0,0.5,Eb:I,Eb:maj
chord,132.5,0.5,Eb:viix43/V,"A:(b3,4,4,*5)"
chord,133.0,0.5,Eb:V6,Bb:maj/3
chord,133.5,0.5,Eb:iv6/II,Bb:min/b3
chord,134.0,0.5,F:V,C:maj
chord,135.0,0.5,F:V,C:maj
chord,135.5,2.5,F:I,F:maj
key,0.0,5.0,Bb,Bb:major
key,5.0,6.0,Eb,Eb:major
key,11.0,13.0,Bb,Bb:major
key,24.0,8.0,Eb,Eb:major
key,32.0,10.0,Bb,Bb:major
key,42.0,12.0,Eb,Eb:major
key,54.0,12.0,A,A:major
key,66.0,68.0,Eb,Eb:major
key,134.0,3.5,F,F:major
